0 0.10594315245478 0.1328125 0.108527131782946 0.18125 0.0930232558139535 0.228125 0.108527131782946 0.259375 0.0852713178294574 0.2734375 0.0878552971576227 0.3265625 0.188630490956072 0.3265625 0.191214470284238 0.271875 0.180878552971576 0.2421875 0.183462532299742 0.190625 0.198966408268734 0.13125
0 0.250645994832041 0.140625 0.263565891472868 0.1875 0.284237726098191 0.2015625 0.281653746770026 0.21875 0.232558139534884 0.2265625 0.229974160206718 0.303125 0.271317829457364 0.3 0.27906976744186 0.2546875 0.330749354005168 0.2578125 0.361757105943152 0.23125 0.354005167958656 0.2046875 0.366925064599483 0.1609375 0.364341085271318 0.134375
0 0.37984496124031 0.228125 0.459948320413437 0.228125 0.459948320413437 0.253125 0.449612403100775 0.28125 0.457364341085271 0.31875 0.44702842377261 0.39375 0.333333333333333 0.390625 0.333333333333333 0.3390625 0.351421188630491 0.296875 0.364341085271318 0.2453125
0 0.488372093023256 0.1234375 0.565891472868217 0.1328125 0.576227390180879 0.178125 0.55297157622739 0.203125 0.560723514211886 0.2234375 0.596899224806202 0.234375 0.583979328165375 0.3015625 0.506459948320414 0.30625 0.501291989664083 0.25 0.48062015503876 0.215625 0.488372093023256 0.184375 0.478036175710594 0.159375
0 0.666666666666667 0.1265625 0.754521963824289 0.1359375 0.749354005167959 0.184375 0.736434108527132 0.2 0.746770025839793 0.2234375 0.775193798449612 0.2359375 0.772609819121447 0.278125 0.767441860465116 0.315625 0.679586563307494 0.3140625 0.677002583979328 0.26875 0.666666666666667 0.23125 0.656330749354005 0.2140625 0.677002583979328 0.1953125 0.656330749354005 0.178125
0 0.834625322997416 0.128125 0.935400516795866 0.1296875 0.9328165374677 0.175 0.937984496124031 0.2359375 0.953488372093023 0.26875 0.958656330749354 0.3265625 0.824289405684755 0.3234375 0.816537467700258 0.265625 0.837209302325581 0.246875 0.837209302325581 0.18125
0 0.806201550387597 0.6609375 0.808785529715762 0.7140625 0.837209302325581 0.7265625 0.837209302325581 0.7328125 0.813953488372093 0.7640625 0.803617571059432 0.796875 0.785529715762274 0.8359375 0.873385012919897 0.8453125 0.888888888888889 0.7953125 0.909560723514212 0.746875 0.89922480620155 0.7296875 0.901808785529716 0.715625 0.940568475452196 0.7140625 0.935400516795866 0.6703125
0 0.677002583979328 0.6671875 0.764857881136951 0.671875 0.762273901808786 0.7390625 0.741602067183463 0.7484375 0.72609819121447 0.7734375 0.733850129198966 0.821875 0.718346253229974 0.8734375 0.627906976744186 0.8671875 0.622739018087855 0.8171875 0.633074935400517 0.7734375 0.656330749354005 0.7734375 0.640826873385013 0.746875 0.661498708010336 0.74375
0 0.330749354005168 0.6046875 0.457364341085271 0.609375 0.470284237726098 0.653125 0.44702842377261 0.68125 0.44702842377261 0.6984375 0.449612403100775 0.7609375 0.457364341085271 0.821875 0.356589147286822 0.8234375 0.361757105943152 0.7625 0.361757105943152 0.7 0.341085271317829 0.6796875
0 0.496124031007752 0.6703125 0.565891472868217 0.6734375 0.583979328165375 0.7046875 0.571059431524548 0.7296875 0.558139534883721 0.7484375 0.550387596899225 0.7640625 0.565891472868217 0.8078125 0.547803617571059 0.8828125 0.470284237726098 0.8703125 0.465116279069767 0.7734375 0.483204134366925 0.7421875 0.493540051679587 0.7078125
0 0.0697674418604651 0.65625 0.0671834625322997 0.703125 0.113695090439276 0.70625 0.111111111111111 0.73125 0.0981912144702842 0.75625 0.0904392764857881 0.784375 0.0852713178294574 0.8296875 0.178294573643411 0.840625 0.170542635658915 0.7921875 0.175710594315245 0.7296875 0.191214470284238 0.659375
0 0.581395348837209 0.0703125 0.651162790697674 0.0703125 0.664082687338501 0.115625 0.656330749354005 0.1609375 0.65374677002584 0.2015625 0.630490956072351 0.2015625 0.589147286821705 0.1890625 0.602067183462532 0.153125 0.58656330749354 0.1171875