0 0.143434343434343 0.146814404432133 0.173737373737374 0.149584487534626 0.170707070707071 0.296398891966759 0.170707070707071 0.3601108033241 0.163636363636364 0.393351800554017 0.147474747474747 0.404432132963989 0.141414141414141 0.373961218836565 0.136363636363636 0.343490304709141 0.14040404040404 0.293628808864266
0 0.213131313131313 0.163434903047091 0.239393939393939 0.157894736842105 0.246464646464646 0.224376731301939 0.245454545454545 0.310249307479224 0.241414141414141 0.349030470914127 0.242424242424242 0.379501385041551 0.227272727272727 0.38781163434903 0.215151515151515 0.365650969529086
0 0.28989898989899 0.155124653739612 0.321212121212121 0.155124653739612 0.32020202020202 0.268698060941828 0.314141414141414 0.321329639889197 0.317171717171717 0.368421052631579 0.301010101010101 0.382271468144044 0.287878787878788 0.373961218836565 0.282828282828283 0.310249307479224
0 0.365656565656566 0.0886426592797784 0.397979797979798 0.0969529085872576 0.396969696969697 0.265927977839335 0.390909090909091 0.315789473684211 0.388888888888889 0.343490304709141 0.375757575757576 0.362880886426593 0.363636363636364 0.368421052631579 0.356565656565657 0.299168975069252 0.365656565656566 0.260387811634349
0 0.444444444444444 0.0831024930747923 0.475757575757576 0.0914127423822715 0.468686868686869 0.249307479224377 0.465656565656566 0.307479224376731 0.460606060606061 0.337950138504155 0.448484848484848 0.343490304709141 0.433333333333333 0.326869806094183 0.432323232323232 0.28808864265928 0.441414141414141 0.249307479224377
0 0.526262626262626 0.163434903047091 0.544444444444444 0.0664819944598338 0.562626262626263 0.0858725761772853 0.550505050505051 0.243767313019391 0.538383838383838 0.28808864265928 0.522222222222222 0.343490304709141 0.509090909090909 0.310249307479224 0.506060606060606 0.268698060941828 0.509090909090909 0.218836565096953
0 0.580808080808081 0.0498614958448753 0.604040404040404 0.0554016620498615 0.6 0.149584487534626 0.6 0.235457063711911 0.6 0.290858725761773 0.587878787878788 0.313019390581717 0.577777777777778 0.299168975069252 0.573737373737374 0.260387811634349 0.570707070707071 0.218836565096953 0.570707070707071 0.138504155124654
0 0.663636363636364 0.0332409972299169 0.681818181818182 0.03601108033241 0.681818181818182 0.182825484764543 0.67979797979798 0.249307479224377 0.670707070707071 0.28808864265928 0.654545454545455 0.28808864265928 0.647474747474748 0.249307479224377 0.646464646464647 0.185595567867036
0 0.625252525252525 0.587257617728532 0.65050505050505 0.581717451523546 0.658585858585859 0.684210526315789 0.661616161616162 0.789473684210526 0.638383838383838 0.806094182825485 0.631313131313131 0.71191135734072 0.626262626262626 0.6398891966759
0 0.556565656565657 0.60387811634349 0.571717171717172 0.584487534626039 0.576767676767677 0.6398891966759 0.56969696969697 0.714681440443213 0.564646464646465 0.745152354570637 0.557575757575758 0.869806094182825 0.531313131313131 0.872576177285319 0.533333333333333 0.753462603878116 0.555555555555555 0.686980609418283
0 0.42020202020202 0.678670360110803 0.42020202020202 0.626038781163435 0.442424242424242 0.637119113573407 0.447474747474747 0.714681440443213 0.44040404040404 0.800554016620499 0.439393939393939 0.875346260387812 0.412121212121212 0.900277008310249
0 0.343434343434343 0.623268698060942 0.371717171717172 0.617728531855956 0.368686868686869 0.700831024930748 0.346464646464646 0.922437673130194 0.325252525252525 0.905817174515235 0.344444444444444 0.720221606648199
0 0.284848484848485 0.631578947368421 0.308080808080808 0.626038781163435 0.308080808080808 0.714681440443213 0.308080808080808 0.839335180055402 0.318181818181818 0.936288088642659 0.291919191919192 0.955678670360111 0.273737373737374 0.739612188365651
0 0.204040404040404 0.64819944598338 0.245454545454545 0.637119113573407 0.235353535353535 0.698060941828255 0.228282828282828 0.778393351800554 0.22020202020202 0.941828254847645 0.196969696969697 0.922437673130194 0.208080808080808 0.778393351800554 0.205050505050505 0.698060941828255
0 0.133333333333333 0.646199445888385 0.157575757575758 0.653739612188366 0.156565656565657 0.720221606648199 0.157575757575758 0.792243767313019 0.142424242424242 0.861495844875346 0.121212121212121 0.986149584487535 0.098989898989899 0.972299168975069 0.119191919191919 0.853185595567867 0.127272727272727 0.781163434903047 0.131313131313131 0.714681440443213