0 0.496575342465753 0.790625 0.571917808219178 0.7984375 0.595890410958904 0.815625 0.575342465753425 0.8390625 0.585616438356164 0.85625 0.571917808219178 0.8765625 0.595890410958904 0.8921875 0.554794520547945 0.971875 0.428082191780822 0.946875 0.462328767123288 0.8796875 0.486301369863014 0.840625 0.479452054794521 0.8140625
0 0.318493150684932 0.7953125 0.417808219178082 0.79375 0.407534246575342 0.8328125 0.383561643835616 0.846875 0.376712328767123 0.865625 0.393835616438356 0.903125 0.339041095890411 0.9703125 0.284246575342466 0.9640625 0.222602739726027 0.953125 0.273972602739726 0.884375 0.294520547945205 0.84375 0.301369863013699 0.815625
0 0.126712328767123 0.7890625 0.191780821917808 0.7890625 0.219178082191781 0.8 0.229452054794521 0.828125 0.226027397260274 0.85 0.215753424657534 0.8625 0.246575342465753 0.89375 0.198630136986301 0.959375 0.0650684931506849 0.946875 0.102739726027397 0.8734375 0.106164383561644 0.840625 0.106164383561644 0.8109375
0 0.11986301369863 0.4640625 0.167808219178082 0.4453125 0.195205479452055 0.4640625 0.150684931506849 0.515625 0.10958904109589 0.5515625 0.0513698630136986 0.5421875 0.106164383561644 0.5046875
0 0.0856164383561644 0.159375 0.0719178082191781 0.221875 0.0821917808219178 0.25625 0.13013698630137 0.2703125 0.150684931506849 0.2421875 0.133561643835616 0.1859375 0.123287671232877 0.15625
0 0.294520547945205 0.2484375 0.304794520547945 0.1875 0.301369863013699 0.1484375 0.215753424657534 0.0875 0.222602739726027 0.071875 0.270547945205479 0.071875 0.304794520547945 0.0953125 0.346007604562738 0.0295138888888889 0.462328767123288 0.0640625 0.469178082191781 0.08125 0.445205479452055 0.1265625 0.431506849315069 0.1546875 0.414383561643836 0.1671875 0.407534246575342 0.1890625 0.438356164383562 0.1921875 0.428082191780822 0.259375
0 0.482876712328767 0.19375 0.493150684931507 0.25 0.616438356164384 0.253125 0.60958904109589 0.1921875 0.582191780821918 0.16875 0.623287671232877 0.1484375 0.608365019011407 0.100694444444444 0.615969581749049 0.0572916666666667 0.517110266159696 0.0434027777777778 0.47148288973384 0.104166666666667 0.458904109589041 0.1515625 0.486301369863014 0.16875
0 0.741444866920152 0.0538194444444444 0.847908745247148 0.0538194444444444 0.839041095890411 0.1421875 0.791095890410959 0.1890625 0.797945205479452 0.2421875 0.791095890410959 0.2578125 0.678082191780822 0.253125 0.667808219178082 0.184375 0.674657534246575 0.1515625 0.699619771863118 0.0746527777777778
0 0.280821917808219 0.5484375 0.373287671232877 0.55 0.428082191780822 0.553125 0.417808219178082 0.6 0.352739726027397 0.603125 0.339041095890411 0.615625 0.339041095890411 0.6328125 0.284246575342466 0.646875 0.256849315068493 0.665625 0.195205479452055 0.671875 0.195205479452055 0.646875 0.23972602739726 0.6375 0.270547945205479 0.6171875 0.294520547945205 0.6015625
0 0.462328767123288 0.5484375 0.61986301369863 0.553125 0.616438356164384 0.6 0.554794520547945 0.6046875 0.530821917808219 0.625 0.469178082191781 0.65 0.431506849315069 0.6734375 0.356164383561644 0.6625 0.39041095890411 0.640625 0.441780821917808 0.634375 0.465753424657534 0.6203125 0.479452054794521 0.596875 0.452054794520548 0.590625
0 0.667808219178082 0.5546875 0.77054794520548 0.5546875 0.801369863013699 0.565625 0.780821917808219 0.5953125 0.746575342465753 0.6125 0.708904109589041 0.60625 0.708904109589041 0.6234375 0.667808219178082 0.640625 0.613013698630137 0.6578125 0.606164383561644 0.6734375 0.554794520547945 0.6765625 0.558219178082192 0.6546875 0.606164383561644 0.6375 0.643835616438356 0.6265625 0.657534246575342 0.6015625