0 0.011070110701107 0.171875 0.0516605166051661 0.1671875 0.0774907749077491 0.2046875 0.107011070110701 0.24375 0.11070110701107 0.2609375 0.025830258302583 0.2640625 0.025830258302583 0.2203125
0 0.114391143911439 0.1078125 0.107011070110701 0.1609375 0.132841328413284 0.2 0.191881918819188 0.2 0.162361623616236 0.15625 0.162361623616236 0.1109375
0 0.40590405904059 0.103125 0.428044280442804 0.1484375 0.398523985239852 0.2 0.420664206642066 0.246875 0.490774907749078 0.240625 0.498154981549815 0.1765625 0.501845018450184 0.1328125 0.546125461254613 0.1421875 0.549815498154982 0.090625 0.564575645756458 0.0578125 0.428044280442804 0.0453125 0.394833948339483 0.0671875
0 0.745387453874539 0.0765625 0.678966789667897 0.0671875 0.586715867158672 0.0671875 0.571955719557196 0.1296875 0.564575645756458 0.15625 0.59409594095941 0.1640625 0.59409594095941 0.21875 0.619926199261993 0.240625 0.686346863468635 0.2421875 0.70479704797048 0.190625 0.671586715867159 0.1625 0.726937269372694 0.15625
0 0.760147601476015 0.071875 0.92619926199262 0.0765625 0.929889298892989 0.146875 0.885608856088561 0.1609375 0.900369003690037 0.20625 0.904059040590406 0.2375 0.845018450184502 0.2484375 0.808118081180812 0.2359375 0.793357933579336 0.2265625 0.804428044280443 0.1875 0.771217712177122 0.15 0.749077490774908 0.134375
0 0.191881918819188 0.78125 0.287822878228782 0.784375 0.298892988929889 0.8078125 0.276752767527675 0.8375 0.261992619926199 0.8578125 0.287822878228782 0.88125 0.236162361623616 0.925 0.154981549815498 0.953125 0.0848708487084871 0.8859375 0.169741697416974 0.853125 0.18450184501845 0.8234375
0 0.40590405904059 0.778125 0.483394833948339 0.7796875 0.487084870848709 0.815625 0.457564575645756 0.834375 0.472324723247232 0.8578125 0.487084870848709 0.890625 0.439114391143911 0.9390625 0.372693726937269 0.9671875 0.265682656826568 0.921875 0.335793357933579 0.86875 0.383763837638376 0.871875 0.391143911439114 0.8296875
0 0.597785977859779 0.7765625 0.66789667896679 0.784375 0.693726937269373 0.815625 0.66789667896679 0.834375 0.66789667896679 0.8578125 0.708487084870849 0.890625 0.682656826568266 0.9421875 0.601476014760148 0.984375 0.47970479704797 0.93125 0.55719557195572 0.884375 0.579335793357934 0.8328125
0 0.40590405904059 0.5421875 0.394833948339483 0.5828125 0.376383763837638 0.60625 0.302583025830258 0.621875 0.261992619926199 0.63125 0.261992619926199 0.6546875 0.309963099630996 0.6609375 0.350553505535055 0.628125 0.420664206642066 0.615625 0.435424354243542 0.5890625 0.505535055350553 0.5921875 0.52029520295203 0.5375
0 0.612546125461255 0.540625 0.616236162361624 0.571875 0.605166051660517 0.596875 0.52029520295203 0.621875 0.450184501845018 0.63125 0.442804428044281 0.6546875 0.490774907749078 0.6640625 0.55719557195572 0.6390625 0.605166051660517 0.621875 0.660516605166052 0.603125 0.701107011070111 0.6 0.74169741697417 0.5875 0.74169741697417 0.5453125 0.686346863468635 0.5390625
0 0.819188191881919 0.5421875 0.804428044280443 0.5640625 0.800738007380074 0.5859375 0.767527675276753 0.60625 0.690036900369004 0.621875 0.6309963099631 0.6421875 0.642066420664207 0.6578125 0.660516605166052 0.6609375 0.715867158671587 0.6359375 0.771217712177122 0.625 0.848708487084871 0.596875 0.911439114391144 0.59375 0.918819188191882 0.5390625