0 0.0393939393939394 0.295918367346939 0.0383838383838384 0.404081632653061 0.0898989898989899 0.404081632653061 0.149494949494949 0.373469387755102 0.184848484848485 0.375510204081633 0.21010101010101 0.36734693877551 0.213131313131313 0.248979591836735 0.18989898989899 0.230612244897959 0.131313131313131 0.226530612244898 0.124242424242424 0.261224489795918 0.0909090909090909 0.26734693877551
0 0.0565656565656566 0.461224489795918 0.104040404040404 0.444897959183673 0.134343434343434 0.455102040816326 0.133333333333333 0.420408163265306 0.16969696969697 0.424489795918367 0.207070707070707 0.428571428571429 0.216161616161616 0.457142857142857 0.216161616161616 0.548979591836735 0.202020202020202 0.548979591836735 0.196969696969697 0.573469387755102 0.133333333333333 0.573469387755102 0.123232323232323 0.544897959183673 0.101010101010101 0.557142857142857 0.0797979797979798 0.579591836734694 0.0606060606060606 0.56734693877551
0 0.0545454545454546 0.691836734693878 0.11010101010101 0.646938775510204 0.131313131313131 0.640816326530612 0.168686868686869 0.638775510204082 0.207070707070707 0.636734693877551 0.217171717171717 0.669387755102041 0.216161616161616 0.748979591836735 0.197979797979798 0.744897959183674 0.187878787878788 0.775510204081633 0.14040404040404 0.775510204081633 0.113131313131313 0.773469387755102 0.101010101010101 0.814285714285714 0.0767676767676768 0.789795918367347 0.0565656565656566 0.789795918367347
0 0.175757575757576 0.106122448979592 0.23030303030303 0.0938775510204082 0.264646464646465 0.0918367346938776 0.297979797979798 0.0918367346938776 0.298989898989899 0.163265306122449 0.250505050505051 0.169387755102041 0.213131313131313 0.153061224489796 0.176767676767677 0.155102040816327
0 0.846464646464646 0.636734693877551 0.86969696969697 0.640816326530612 0.912121212121212 0.614285714285714 0.918181818181818 0.697959183673469 0.877777777777778 0.714285714285714 0.845454545454545 0.712244897959184
0 0.84040404040404 0.504081632653061 0.866666666666667 0.514285714285714 0.916161616161616 0.508163265306122 0.918181818181818 0.585714285714286 0.871717171717172 0.585714285714286 0.842424242424242 0.587755102040816
0 0.839393939393939 0.346938775510204 0.865656565656566 0.346938775510204 0.873737373737374 0.369387755102041 0.919191919191919 0.344897959183674 0.936363636363636 0.404081632653061 0.892929292929293 0.438775510204082 0.870707070707071 0.438775510204082 0.838383838383838 0.438775510204082
0 0.937373737373737 0.220408163265306 0.868686868686869 0.228571428571429 0.835353535353535 0.224489795918367 0.834343434343434 0.310204081632653 0.864646464646465 0.312244897959184 0.921212121212121 0.318367346938776
0 0.54040404040404 0.222448979591837 0.587878787878788 0.218367346938776 0.588888888888889 0.251020408163265 0.598989898989899 0.251020408163265 0.602020202020202 0.314285714285714 0.58989898989899 0.314285714285714 0.58989898989899 0.361224489795918 0.543434343434343 0.36734693877551
0 0.541414141414141 0.410204081632653 0.594949494949495 0.406122448979592 0.590909090909091 0.442857142857143 0.605050505050505 0.444897959183673 0.607070707070707 0.5 0.593939393939394 0.502040816326531 0.58989898989899 0.544897959183673 0.546464646464646 0.548979591836735
0 0.548484848484848 0.602040816326531 0.547474747474748 0.751020408163265 0.595959595959596 0.746938775510204 0.591919191919192 0.7 0.612121212121212 0.7 0.61010101010101 0.638775510204082 0.594949494949495 0.63469387755102 0.590909090909091 0.606122448979592