0 0.072234762979684 0.240625 0.0744920993227991 0.3015625 0.0586907449209932 0.328125 0.0767494356659142 0.378125 0.0586907449209932 0.3890625 0.0586907449209932 0.45625 0.139954853273138 0.4609375 0.135440180586907 0.3765625 0.128668171557562 0.359375 0.142212189616253 0.246875
0 0.212189616252822 0.2234375 0.216704288939052 0.26875 0.212189616252822 0.2984375 0.212189616252822 0.3171875 0.35665914221219 0.3234375 0.367945823927765 0.3 0.358916478555305 0.21875 0.311512415349887 0.215625 0.313769751693002 0.2015625 0.311512415349887 0.1296875 0.230248306997743 0.134375 0.225733634311512 0.1796875 0.248306997742664 0.221875
0 0.316027088036117 0.0984375 0.368421052631579 0.0972222222222222 0.37020316027088 0.13125 0.354401805869074 0.1671875 0.36117381489842 0.203125 0.338600451467269 0.215625 0.322799097065463 0.2046875 0.320541760722348 0.178125 0.320541760722348 0.146875
0 0.437923250564334 0.1390625 0.528216704288939 0.1375 0.523702031602709 0.18125 0.516930022573364 0.2109375 0.573363431151242 0.228125 0.564334085778781 0.3234375 0.489841986455982 0.325 0.422121896162528 0.321875 0.417607223476298 0.21875 0.4627539503386 0.21875 0.45372460496614 0.184375 0.433408577878104 0.1796875
0 0.647855530474041 0.1234375 0.652370203160271 0.146875 0.659142212189616 0.18125 0.659142212189616 0.2046875 0.661399548532731 0.215625 0.620767494356659 0.21875 0.618510158013544 0.2796875 0.620767494356659 0.3140625 0.625282167042889 0.3296875 0.706546275395034 0.3328125 0.772009029345372 0.3234375 0.776523702031603 0.2640625 0.762979683972912 0.2203125 0.724604966139955 0.2171875 0.729119638826185 0.196875 0.744920993227991 0.184375 0.747178329571106 0.128125
0 0.844243792325056 0.2453125 0.90744920993228 0.246875 0.909706546275395 0.303125 0.923250564334086 0.3546875 0.905191873589165 0.35625 0.914221218961625 0.3765625 0.939051918735892 0.3875 0.939051918735892 0.4578125 0.848758465011287 0.4625 0.855530474040632 0.4140625 0.857787810383747 0.3625 0.853273137697517 0.3328125
0 0.0428893905191874 0.615625 0.0496613995485327 0.6703125 0.0857787810383747 0.6859375 0.0609480812641084 0.7296875 0.0586907449209932 0.771875 0.0474040632054176 0.8046875 0.117381489841986 0.8078125 0.142212189616253 0.7375 0.135440180586907 0.6984375 0.144469525959368 0.66875 0.144469525959368 0.6359375 0.139954853273138 0.6140625
0 0.216704288939052 0.7484375 0.227990970654628 0.7890625 0.227990970654628 0.8203125 0.261851015801354 0.828125 0.264108352144469 0.84375 0.259593679458239 0.8578125 0.245614035087719 0.918402777777778 0.255639097744361 0.994791666666667 0.320802005012531 0.994791666666667 0.345372460496614 0.8921875 0.329571106094808 0.828125 0.35665914221219 0.8296875 0.36568848758465 0.746875
0 0.417607223476298 0.74375 0.415349887133183 0.784375 0.415349887133183 0.8171875 0.45823927765237 0.8265625 0.45372460496614 0.846875 0.442437923250564 0.8921875 0.453634085213033 0.982638888888889 0.50125313283208 0.987847222222222 0.544018058690745 0.859375 0.516930022573364 0.85625 0.521444695259594 0.821875 0.568848758465011 0.828125 0.568848758465011 0.7828125 0.562076749435666 0.740625
0 0.618510158013544 0.7421875 0.618510158013544 0.8234375 0.652370203160271 0.8265625 0.650112866817156 0.853125 0.654135338345865 0.918402777777778 0.681704260651629 0.993055555555556 0.736842105263158 0.991319444444445 0.741854636591479 0.920138888888889 0.740406320541761 0.8609375 0.717832957110609 0.8203125 0.749435665914221 0.825 0.785553047404063 0.815625 0.787810383747178 0.740625
0 0.848758465011287 0.6125 0.927765237020316 0.615625 0.925507900677201 0.6671875 0.905191873589165 0.68125 0.905191873589165 0.69375 0.91196388261851 0.7203125 0.91196388261851 0.8078125 0.839729119638826 0.8 0.846501128668172 0.7265625 0.851015801354402 0.6875 0.844243792325056 0.6515625