0 0.0723589001447178 0.220486111111111 0.0752532561505065 0.251736111111111 0.065123010130246 0.274305555555556 0.065123010130246 0.3125 0.0434153400868307 0.328125 0.0419681620839363 0.373263888888889 0.0419681620839363 0.420138888888889 0.0434153400868307 0.454861111111111 0.0868306801736614 0.456597222222222 0.125904486251809 0.454861111111111 0.157742402315485 0.461805555555556 0.162083936324168 0.404513888888889 0.164978292329957 0.357638888888889 0.15629522431259 0.324652777777778 0.151953690303907 0.28125 0.136034732272069 0.248263888888889 0.131693198263386 0.215277777777778
0 0.224312590448625 0.220486111111111 0.227206946454414 0.258680555555556 0.224312590448625 0.289930555555556 0.219971056439942 0.331597222222222 0.204052098408104 0.348958333333333 0.204052098408104 0.388888888888889 0.20260492040521 0.425347222222222 0.20260492040521 0.467013888888889 0.228654124457308 0.473958333333333 0.261939218523878 0.473958333333333 0.31548480463097 0.475694444444444 0.319826338639653 0.432291666666667 0.319826338639653 0.390625 0.318379160636758 0.359375 0.295224312590449 0.342013888888889 0.295224312590449 0.310763888888889 0.287988422575977 0.270833333333333 0.283646888567294 0.217013888888889
0 0.389290882778582 0.243055555555556 0.390738060781476 0.274305555555556 0.389290882778582 0.310763888888889 0.389290882778582 0.336805555555556 0.370477568740955 0.350694444444444 0.366136034732272 0.409722222222222 0.366136034732272 0.456597222222222 0.369030390738061 0.479166666666667 0.410998552821997 0.480902777777778 0.439942112879884 0.482638888888889 0.470332850940666 0.486111111111111 0.477568740955138 0.442708333333333 0.480463096960926 0.40625 0.480463096960926 0.366319444444444 0.4616497829233 0.350694444444444 0.465991316931983 0.315972222222222 0.457308248914617 0.277777777777778 0.445730824891462 0.237847222222222
0 0.526772793053546 0.230902777777778 0.516642547033285 0.274305555555556 0.518089725036179 0.310763888888889 0.536903039073806 0.314236111111111 0.532561505065123 0.354166666666667 0.532561505065123 0.394097222222222 0.532561505065123 0.432291666666667 0.52821997105644 0.465277777777778 0.532561505065123 0.491319444444444 0.562952243125905 0.493055555555556 0.603473227206946 0.493055555555556 0.6410998552822 0.494791666666667 0.643994211287988 0.453125 0.642547033285094 0.413194444444444 0.639652677279305 0.373263888888889 0.629522431259045 0.355902777777778 0.625180897250362 0.324652777777778 0.649782923299566 0.302083333333333 0.65123010130246 0.269097222222222 0.646888567293777 0.229166666666667
0 0.668596237337193 0.234375 0.672937771345876 0.28125 0.67438494934877 0.322916666666667 0.685962373371925 0.328125 0.687409551374819 0.368055555555556 0.688856729377713 0.404513888888889 0.691751085383502 0.449652777777778 0.691751085383502 0.506944444444444 0.745296671490593 0.506944444444444 0.793053545586107 0.512152777777778 0.794500723589001 0.461805555555556 0.790159189580318 0.414930555555556 0.774240231548481 0.381944444444444 0.784370477568741 0.359375 0.795947901591896 0.329861111111111 0.791606367583213 0.276041666666667 0.790159189580318 0.236111111111111
0 0.8205499276411 0.236111111111111 0.823444283646889 0.286458333333333 0.823444283646889 0.340277777777778 0.852387843704776 0.345486111111111 0.837916063675832 0.366319444444444 0.840810419681621 0.411458333333333 0.840810419681621 0.456597222222222 0.845151953690304 0.517361111111111 0.884225759768452 0.513888888888889 0.939218523878437 0.520833333333333 0.936324167872648 0.472222222222222 0.939218523878437 0.420138888888889 0.921852387843705 0.388888888888889 0.939218523878437 0.366319444444444 0.937771345875543 0.321180555555556 0.945007235890015 0.270833333333333 0.934876989869754 0.236111111111111
0 0.0390738060781476 0.526041666666667 0.0622286541244573 0.519097222222222 0.11287988422576 0.524305555555556 0.134587554269175 0.529513888888889 0.16931982633864 0.538194444444444 0.164978292329957 0.583333333333333 0.163531114327062 0.631944444444444 0.159189580318379 0.680555555555556 0.154848046309696 0.723958333333333 0.115774240231548 0.725694444444444 0.11287988422576 0.751736111111111 0.115774240231548 0.777777777777778 0.11287988422576 0.803819444444444 0.11287988422576 0.831597222222222 0.0463096960926194 0.838541666666667 0.0463096960926194 0.800347222222222 0.044862518089725 0.762152777777778 0.0463096960926194 0.737847222222222 0.0549927641099855 0.729166666666667 0.0535455861070912 0.711805555555555 0.0376266280752533 0.703125 0.0361794500723589 0.652777777777778 0.0390738060781476 0.569444444444444
0 0.206946454413893 0.538194444444444 0.201157742402316 0.585069444444444 0.199710564399421 0.628472222222222 0.201157742402316 0.668402777777778 0.201157742402316 0.706597222222222 0.201157742402316 0.729166666666667 0.228654124457308 0.727430555555556 0.22575976845152 0.748263888888889 0.208393632416787 0.758680555555556 0.206946454413893 0.791666666666667 0.204052098408104 0.828125 0.279305354558611 0.833333333333333 0.286541244573083 0.802083333333333 0.283646888567294 0.765625 0.273516642547033 0.753472222222222 0.287988422575977 0.729166666666667 0.31548480463097 0.732638888888889 0.316931982633864 0.680555555555556 0.32561505065123 0.652777777777778 0.327062228654124 0.557291666666667
0 0.38205499276411 0.571180555555555 0.366136034732272 0.595486111111111 0.361794500723589 0.631944444444444 0.369030390738061 0.65625 0.369030390738061 0.699652777777778 0.369030390738061 0.723958333333333 0.366136034732272 0.739583333333333 0.393632416787265 0.737847222222222 0.389290882778582 0.765625 0.374819102749638 0.770833333333333 0.37192474674385 0.809027777777778 0.376266280752533 0.831597222222222 0.450072358900145 0.829861111111111 0.450072358900145 0.788194444444444 0.445730824891462 0.767361111111111 0.445730824891462 0.743055555555555 0.476121562952243 0.75 0.479015918958032 0.699652777777778 0.484804630969609 0.659722222222222 0.490593342981187 0.598958333333333
0 0.532561505065123 0.586805555555556 0.534008683068017 0.638888888888889 0.535455861070912 0.696180555555556 0.535455861070912 0.723958333333333 0.519536903039074 0.741319444444444 0.525325615050651 0.755208333333333 0.544138929088278 0.75 0.542691751085384 0.772569444444444 0.531114327062229 0.793402777777778 0.52821997105644 0.826388888888889 0.59479015918958 0.836805555555555 0.604920405209841 0.798611111111111 0.597684515195369 0.784722222222222 0.602026049204052 0.760416666666667 0.646888567293777 0.765625 0.642547033285094 0.690972222222222 0.652677279305355 0.673611111111111 0.652677279305355 0.626736111111111 0.632416787264834 0.595486111111111
0 0.698986975397974 0.602430555555555 0.700434153400868 0.647569444444444 0.709117221418235 0.675347222222222 0.700434153400868 0.708333333333333 0.69753979739508 0.737847222222222 0.690303907380608 0.755208333333333 0.717800289435601 0.755208333333333 0.716353111432706 0.793402777777778 0.698986975397974 0.800347222222222 0.703328509406657 0.84375 0.777134587554269 0.845486111111111 0.775687409551375 0.803819444444444 0.768451519536903 0.784722222222222 0.772793053545586 0.758680555555556 0.800289435600579 0.762152777777778 0.801736613603473 0.706597222222222 0.808972503617945 0.633680555555556 0.788712011577424 0.609375
0 0.855282199710565 0.614583333333333 0.856729377713459 0.673611111111111 0.862518089725036 0.722222222222222 0.849493487698987 0.758680555555556 0.869753979739508 0.760416666666667 0.868306801736614 0.786458333333333 0.855282199710565 0.800347222222222 0.855282199710565 0.833333333333333 0.934876989869754 0.836805555555555 0.927641099855282 0.803819444444444 0.916063675832127 0.782986111111111 0.921852387843705 0.765625 0.94356005788712 0.763888888888889 0.949348769898698 0.732638888888889 0.950795947901592 0.692708333333333 0.950795947901592 0.647569444444444 0.936324167872648 0.618055555555555