0 0.221198156682028 0.128472222222222 0.221198156682028 0.215277777777778 0.216589861751152 0.256944444444444 0.210445468509985 0.315972222222222 0.188940092165899 0.319444444444444 0.196620583717358 0.361111111111111 0.201228878648233 0.402777777777778 0.207373271889401 0.446180555555556 0.205837173579109 0.480902777777778 0.199692780337942 0.505208333333333 0.179723502304147 0.527777777777778 0.145929339477727 0.534722222222222 0.118279569892473 0.534722222222222 0.0967741935483871 0.526041666666667 0.0875576036866359 0.505208333333333 0.0875576036866359 0.477430555555556 0.0952380952380952 0.447916666666667 0.0937019969278034 0.425347222222222 0.0906298003072197 0.394097222222222 0.109062980030722 0.369791666666667 0.112135176651306 0.314236111111111 0.0967741935483871 0.296875 0.10752688172043 0.244791666666667 0.10752688172043 0.201388888888889 0.118279569892473 0.121527777777778
0 0.28110599078341 0.131944444444444 0.270353302611367 0.194444444444444 0.268817204301075 0.239583333333333 0.262672811059908 0.288194444444444 0.279569892473118 0.298611111111111 0.271889400921659 0.326388888888889 0.25652841781874 0.350694444444444 0.25652841781874 0.404513888888889 0.244239631336406 0.434027777777778 0.238095238095238 0.461805555555556 0.23963133640553 0.493055555555556 0.258064516129032 0.512152777777778 0.274961597542243 0.524305555555556 0.307219662058372 0.527777777777778 0.334869431643625 0.515625 0.354838709677419 0.491319444444444 0.357910906298003 0.451388888888889 0.359447004608295 0.399305555555556 0.357910906298003 0.359375 0.350230414746544 0.317708333333333 0.37173579109063 0.289930555555556 0.374807987711214 0.246527777777778 0.382488479262673 0.213541666666667 0.384024577572965 0.182291666666667 0.385560675883256 0.133680555555556
0 0.448540706605223 0.144097222222222 0.436251920122888 0.215277777777778 0.43010752688172 0.251736111111111 0.422427035330261 0.279513888888889 0.442396313364055 0.289930555555556 0.436251920122888 0.310763888888889 0.419354838709677 0.317708333333333 0.408602150537634 0.342013888888889 0.405529953917051 0.381944444444444 0.394777265745008 0.401041666666667 0.390168970814132 0.439236111111111 0.391705069124424 0.46875 0.400921658986175 0.498263888888889 0.419354838709677 0.510416666666667 0.443932411674347 0.519097222222222 0.476190476190476 0.512152777777778 0.500768049155146 0.498263888888889 0.509984639016897 0.461805555555556 0.509984639016897 0.418402777777778 0.509984639016897 0.383680555555556 0.497695852534562 0.350694444444444 0.508448540706605 0.307291666666667 0.526881720430108 0.298611111111111 0.533026113671275 0.255208333333333 0.542242703533026 0.210069444444444 0.546850998463902 0.142361111111111
0 0.591397849462366 0.1875 0.591397849462366 0.223958333333333 0.609831029185868 0.279513888888889 0.620583717357911 0.305555555555556 0.622119815668203 0.348958333333333 0.62826420890937 0.380208333333333 0.663594470046083 0.381944444444444 0.668202764976959 0.421875 0.666666666666667 0.473958333333333 0.663594470046083 0.532986111111111 0.543778801843318 0.534722222222222 0.542242703533026 0.508680555555556 0.537634408602151 0.472222222222222 0.542242703533026 0.390625 0.557603686635945 0.375 0.556067588325653 0.338541666666667 0.552995391705069 0.303819444444444 0.552995391705069 0.276041666666667 0.551459293394777 0.243055555555556 0.552995391705069 0.199652777777778
0 0.703533026113671 0.197916666666667 0.709677419354839 0.263888888888889 0.698924731182796 0.317708333333333 0.711213517665131 0.380208333333333 0.691244239631337 0.390625 0.689708141321045 0.506944444444444 0.691244239631337 0.526041666666667 0.80184331797235 0.526041666666667 0.800307219662058 0.46875 0.798771121351767 0.388888888888889 0.778801843317972 0.383680555555556 0.771121351766513 0.326388888888889 0.758832565284178 0.276041666666667 0.758832565284178 0.190972222222222
0 0.857142857142857 0.194444444444444 0.849462365591398 0.302083333333333 0.846390168970814 0.342013888888889 0.847926267281106 0.357638888888889 0.837173579109063 0.383680555555556 0.841781874039939 0.486111111111111 0.85099846390169 0.522569444444445 0.946236559139785 0.524305555555556 0.941628264208909 0.392361111111111 0.920122887864823 0.378472222222222 0.918586789554531 0.340277777777778 0.907834101382488 0.277777777777778 0.907834101382488 0.194444444444444
0 0.0952380952380952 0.618055555555556 0.0998463901689708 0.670138888888889 0.0860215053763441 0.701388888888889 0.0921658986175115 0.730902777777778 0.121351766513057 0.743055555555556 0.118279569892473 0.777777777777778 0.113671274961598 0.810763888888889 0.115207373271889 0.838541666666667 0.119815668202765 0.899305555555556 0.110599078341014 0.947916666666667 0.167434715821813 0.949652777777778 0.168970814132104 0.888888888888889 0.178187403993856 0.824652777777778 0.188940092165899 0.791666666666667 0.188940092165899 0.746527777777778 0.205837173579109 0.737847222222222 0.207373271889401 0.612847222222222
0 0.241167434715822 0.614583333333333 0.23963133640553 0.736111111111111 0.271889400921659 0.744791666666667 0.265745007680492 0.809027777777778 0.262672811059908 0.850694444444445 0.274961597542243 0.869791666666667 0.270353302611367 0.958333333333333 0.321044546850998 0.956597222222222 0.33026113671275 0.857638888888889 0.334869431643625 0.803819444444444 0.339477726574501 0.744791666666667 0.354838709677419 0.720486111111111 0.359447004608295 0.673611111111111 0.364055299539171 0.630208333333333 0.348694316436252 0.609375
0 0.399385560675883 0.621527777777778 0.391705069124424 0.651041666666667 0.391705069124424 0.6875 0.3963133640553 0.71875 0.410138248847926 0.765625 0.414746543778802 0.810763888888889 0.410138248847926 0.833333333333333 0.416282642089094 0.855902777777778 0.419354838709677 0.956597222222222 0.466973886328725 0.958333333333333 0.477726574500768 0.854166666666667 0.480798771121352 0.822916666666667 0.483870967741935 0.793402777777778 0.47926267281106 0.741319444444444 0.502304147465438 0.736111111111111 0.506912442396313 0.6875 0.506912442396313 0.670138888888889 0.506912442396313 0.635416666666667 0.494623655913979 0.618055555555556 0.474654377880184 0.609375 0.447004608294931 0.604166666666667 0.422427035330261 0.611111111111111
0 0.565284178187404 0.600694444444444 0.54531490015361 0.618055555555556 0.539170506912442 0.638888888888889 0.543778801843318 0.670138888888889 0.543778801843318 0.725694444444444 0.565284178187404 0.758680555555556 0.563748079877112 0.8125 0.568356374807988 0.840277777777778 0.572964669738863 0.854166666666667 0.579109062980031 0.951388888888889 0.623655913978495 0.947916666666667 0.623655913978495 0.84375 0.632872503840246 0.784722222222222 0.632872503840246 0.743055555555556 0.654377880184332 0.704861111111111 0.663594470046083 0.666666666666667 0.660522273425499 0.625 0.643625192012289 0.605902777777778 0.615975422427035 0.595486111111111 0.589861751152074 0.598958333333333
0 0.701996927803379 0.621527777777778 0.695852534562212 0.654513888888889 0.695852534562212 0.696180555555556 0.700460829493088 0.739583333333333 0.717357910906298 0.782986111111111 0.717357910906298 0.814236111111111 0.711213517665131 0.84375 0.71889400921659 0.885416666666667 0.781874039938556 0.887152777777778 0.781874039938556 0.852430555555556 0.791090629800307 0.791666666666667 0.786482334869432 0.741319444444444 0.800307219662058 0.703125 0.806451612903226 0.661458333333333 0.807987711213518 0.633680555555556 0.795698924731183 0.614583333333333 0.764976958525346 0.602430555555556 0.738863287250384 0.602430555555556 0.720430107526882 0.609375
0 0.847926267281106 0.621527777777778 0.844854070660522 0.651041666666667 0.854070660522273 0.692708333333333 0.852534562211982 0.730902777777778 0.858678955453149 0.776041666666667 0.855606758832565 0.824652777777778 0.864823348694316 0.864583333333333 0.920122887864823 0.875 0.923195084485407 0.836805555555556 0.929339477726575 0.789930555555555 0.929339477726575 0.737847222222222 0.950844854070661 0.720486111111111 0.956989247311828 0.684027777777778 0.955453149001536 0.647569444444444 0.946236559139785 0.621527777777778 0.926267281105991 0.600694444444444 0.894009216589862 0.598958333333333 0.864823348694316 0.604166666666667