0 0.0623100303951368 0.230902777777778 0.0638297872340425 0.288194444444444 0.0638297872340425 0.333333333333333 0.0668693009118541 0.348958333333333 0.0440729483282675 0.394097222222222 0.0349544072948328 0.430555555555556 0.0364741641337386 0.515625 0.0775075987841945 0.519097222222222 0.115501519756839 0.520833333333333 0.161094224924012 0.517361111111111 0.161094224924012 0.449652777777778 0.159574468085106 0.392361111111111 0.164133738601824 0.34375 0.180851063829787 0.315972222222222 0.191489361702128 0.267361111111111 0.189969604863222 0.227430555555556
0 0.208206686930091 0.225694444444444 0.208206686930091 0.277777777777778 0.206686930091185 0.345486111111111 0.218844984802432 0.348958333333333 0.217325227963526 0.376736111111111 0.197568389057751 0.40625 0.197568389057751 0.46875 0.193009118541033 0.510416666666667 0.206686930091185 0.520833333333333 0.317629179331307 0.520833333333333 0.320668693009119 0.444444444444444 0.319148936170213 0.401041666666667 0.311550151975684 0.373263888888889 0.332826747720365 0.362847222222222 0.329787234042553 0.335069444444444 0.341945288753799 0.317708333333333 0.343465045592705 0.265625 0.332826747720365 0.220486111111111
0 0.364741641337386 0.229166666666667 0.367781155015198 0.302083333333333 0.378419452887538 0.333333333333333 0.369300911854103 0.362847222222222 0.361702127659574 0.401041666666667 0.355623100303951 0.439236111111111 0.354103343465046 0.482638888888889 0.355623100303951 0.522569444444444 0.40273556231003 0.520833333333333 0.446808510638298 0.524305555555556 0.480243161094225 0.522569444444444 0.478723404255319 0.467013888888889 0.478723404255319 0.423611111111111 0.475683890577508 0.380208333333333 0.46048632218845 0.333333333333333 0.481762917933131 0.321180555555556 0.48936170212766 0.284722222222222 0.48936170212766 0.232638888888889
0 0.541033434650456 0.288194444444444 0.541033434650456 0.333333333333333 0.542553191489362 0.375 0.524316109422492 0.397569444444444 0.518237082066869 0.442708333333333 0.519756838905775 0.491319444444444 0.519756838905775 0.522569444444444 0.537993920972644 0.532986111111111 0.559270516717325 0.529513888888889 0.609422492401216 0.527777777777778 0.639817629179331 0.522569444444444 0.638297872340426 0.472222222222222 0.633738601823708 0.414930555555556 0.613981762917933 0.404513888888889 0.60790273556231 0.336805555555556 0.609422492401216 0.288194444444444
0 0.691489361702128 0.300347222222222 0.696048632218845 0.336805555555556 0.696048632218845 0.376736111111111 0.714285714285714 0.385416666666667 0.709726443768997 0.399305555555556 0.685410334346505 0.401041666666667 0.67629179331307 0.454861111111111 0.682370820668693 0.494791666666667 0.68693009118541 0.527777777777778 0.724924012158055 0.529513888888889 0.759878419452888 0.527777777777778 0.797872340425532 0.524305555555556 0.793313069908815 0.477430555555556 0.791793313069909 0.432291666666667 0.787234042553191 0.411458333333333 0.765957446808511 0.399305555555556 0.761398176291793 0.376736111111111 0.772036474164134 0.364583333333333 0.764437689969605 0.324652777777778 0.758358662613982 0.293402777777778
0 0.855623100303951 0.3125 0.855623100303951 0.352430555555556 0.855623100303951 0.390625 0.834346504559271 0.404513888888889 0.838905775075988 0.447916666666667 0.838905775075988 0.493055555555556 0.841945288753799 0.529513888888889 0.873860182370821 0.532986111111111 0.914893617021277 0.532986111111111 0.949848024316109 0.529513888888889 0.946808510638298 0.479166666666667 0.946808510638298 0.434027777777778 0.943768996960486 0.40625 0.919452887537994 0.399305555555556 0.928571428571429 0.378472222222222 0.919452887537994 0.3125
0 0.0288753799392097 0.598958333333333 0.0319148936170213 0.649305555555555 0.0319148936170213 0.697916666666667 0.033434650455927 0.744791666666667 0.0364741641337386 0.760416666666667 0.0623100303951368 0.763888888888889 0.0623100303951368 0.784722222222222 0.0516717325227964 0.789930555555555 0.0501519756838906 0.845486111111111 0.0623100303951368 0.876736111111111 0.127659574468085 0.881944444444444 0.129179331306991 0.84375 0.129179331306991 0.805555555555556 0.127659574468085 0.791666666666667 0.121580547112462 0.774305555555555 0.121580547112462 0.760416666666667 0.148936170212766 0.760416666666667 0.156534954407295 0.730902777777778 0.156534954407295 0.673611111111111 0.151975683890578 0.623263888888889 0.150455927051672 0.586805555555556 0.0972644376899696 0.585069444444444 0.0668693009118541 0.583333333333333
0 0.208206686930091 0.583333333333333 0.191489361702128 0.609375 0.194528875379939 0.666666666666667 0.189969604863222 0.715277777777778 0.193009118541033 0.772569444444444 0.227963525835866 0.767361111111111 0.22644376899696 0.793402777777778 0.211246200607903 0.803819444444444 0.209726443768997 0.842013888888889 0.220364741641337 0.878472222222222 0.285714285714286 0.881944444444444 0.291793313069909 0.838541666666667 0.29483282674772 0.798611111111111 0.279635258358663 0.789930555555555 0.287234042553191 0.767361111111111 0.31306990881459 0.767361111111111 0.317629179331307 0.723958333333333 0.32370820668693 0.685763888888889 0.320668693009119 0.640625 0.322188449848024 0.583333333333333
0 0.357142857142857 0.59375 0.357142857142857 0.663194444444444 0.358662613981763 0.71875 0.357142857142857 0.776041666666667 0.382978723404255 0.774305555555555 0.386018237082067 0.795138888888889 0.372340425531915 0.807291666666667 0.369300911854103 0.842013888888889 0.375379939209726 0.878472222222222 0.445288753799392 0.876736111111111 0.448328267477204 0.836805555555555 0.446808510638298 0.802083333333333 0.436170212765957 0.795138888888889 0.440729483282675 0.767361111111111 0.475683890577508 0.769097222222222 0.483282674772036 0.704861111111111 0.481762917933131 0.647569444444444 0.475683890577508 0.598958333333333 0.430091185410334 0.590277777777778
0 0.524316109422492 0.598958333333333 0.524316109422492 0.671875 0.519756838905775 0.736111111111111 0.519756838905775 0.774305555555555 0.545592705167173 0.767361111111111 0.548632218844985 0.795138888888889 0.541033434650456 0.814236111111111 0.53951367781155 0.850694444444444 0.547112462006079 0.880208333333333 0.613981762917933 0.873263888888889 0.617021276595745 0.840277777777778 0.613981762917933 0.800347222222222 0.603343465045593 0.784722222222222 0.60790273556231 0.769097222222222 0.64741641337386 0.767361111111111 0.644376899696049 0.732638888888889 0.642857142857143 0.680555555555556 0.641337386018237 0.630208333333333 0.641337386018237 0.598958333333333
0 0.679331306990882 0.609375 0.682370820668693 0.663194444444444 0.685410334346505 0.720486111111111 0.683890577507599 0.769097222222222 0.700607902735562 0.774305555555555 0.700607902735562 0.800347222222222 0.68693009118541 0.810763888888889 0.688449848024316 0.847222222222222 0.693009118541033 0.869791666666667 0.762917933130699 0.876736111111111 0.762917933130699 0.838541666666667 0.762917933130699 0.803819444444444 0.75531914893617 0.791666666666667 0.759878419452888 0.767361111111111 0.793313069908815 0.774305555555555 0.805471124620061 0.762152777777778 0.799392097264438 0.729166666666667 0.803951367781155 0.690972222222222 0.797872340425532 0.647569444444444 0.796352583586626 0.611111111111111
0 0.844984802431611 0.602430555555555 0.843465045592705 0.654513888888889 0.846504559270517 0.703125 0.849544072948328 0.746527777777778 0.85258358662614 0.769097222222222 0.867781155015198 0.769097222222222 0.869300911854103 0.796875 0.857142857142857 0.809027777777778 0.858662613981763 0.850694444444444 0.86322188449848 0.878472222222222 0.928571428571429 0.880208333333333 0.936170212765957 0.850694444444444 0.934650455927052 0.817708333333333 0.927051671732523 0.795138888888889 0.9209726443769 0.788194444444444 0.924012158054711 0.763888888888889 0.957446808510638 0.763888888888889 0.96048632218845 0.713541666666667 0.962006079027356 0.675347222222222 0.958966565349544 0.605902777777778