0 0.0681198910081744 0.106870229007634 0.0667574931880109 0.251908396946565 0.0694822888283379 0.396946564885496 0.0776566757493188 0.450381679389313 0.0722070844686648 0.572519083969466 0.0762942779291553 0.732824427480916 0.0817438692098093 0.885496183206107 0.0899182561307902 0.969465648854962 0.108991825613079 0.984732824427481 0.107629427792916 0.885496183206107 0.108991825613079 0.732824427480916 0.108991825613079 0.610687022900763 0.0994550408719346 0.442748091603053 0.104904632152589 0.381679389312977 0.110354223433243 0.221374045801527 0.108991825613079 0.099236641221374 0.0899182561307902 0.106870229007634
0 0.123978201634877 0.106870229007634 0.125340599455041 0.213740458015267 0.126702997275204 0.351145038167939 0.134877384196185 0.427480916030534 0.128065395095368 0.511450381679389 0.128065395095368 0.618320610687023 0.128065395095368 0.732824427480916 0.130790190735695 0.885496183206107 0.133514986376022 0.961832061068702 0.156675749318801 0.961832061068702 0.160762942779292 0.862595419847328 0.164850136239782 0.702290076335878 0.162125340599455 0.572519083969466 0.159400544959128 0.419847328244275 0.170299727520436 0.366412213740458 0.173024523160763 0.221374045801527 0.171662125340599 0.114503816793893 0.151226158038147 0.106870229007634
0 0.185286103542234 0.129770992366412 0.185286103542234 0.236641221374046 0.185286103542234 0.374045801526718 0.197547683923706 0.412213740458015 0.190735694822888 0.49618320610687 0.186648501362398 0.67175572519084 0.192098092643052 0.801526717557252 0.198910081743869 1 0.222070844686649 0.984732824427481 0.222070844686649 0.83206106870229 0.216621253405995 0.702290076335878 0.217983651226158 0.564885496183206 0.220708446866485 0.396946564885496 0.23433242506812 0.351145038167939 0.231607629427793 0.221374045801527 0.231607629427793 0.114503816793893 0.213896457765668 0.099236641221374
0 0.245231607629428 0.114503816793893 0.23841961852861 0.236641221374046 0.239782016348774 0.358778625954198 0.246594005449591 0.427480916030534 0.235694822888283 0.534351145038168 0.235694822888283 0.641221374045802 0.237057220708447 0.755725190839695 0.239782016348774 0.870229007633588 0.243869209809264 0.954198473282443 0.260217983651226 0.969465648854962 0.271117166212534 0.870229007633588 0.267029972752044 0.755725190839695 0.268392370572207 0.641221374045802 0.272479564032698 0.519083969465649 0.276566757493188 0.366412213740458 0.287465940054496 0.305343511450382 0.287465940054496 0.137404580152672 0.267029972752044 0.137404580152672
0 0.298365122615804 0.129770992366412 0.298365122615804 0.236641221374046 0.298365122615804 0.358778625954198 0.301089918256131 0.458015267175573 0.295640326975477 0.572519083969466 0.29291553133515 0.702290076335878 0.29700272479564 0.816793893129771 0.299727520435967 0.923664122137405 0.314713896457766 1 0.335149863760218 1 0.325613079019074 0.847328244274809 0.32425068119891 0.732824427480916 0.325613079019074 0.618320610687023 0.331062670299728 0.519083969465649 0.328337874659401 0.442748091603053 0.336512261580382 0.381679389312977 0.341961852861035 0.190839694656489 0.340599455040872 0.106870229007634 0.322888283378747 0.106870229007634
0 0.356948228882834 0.145038167938931 0.35558583106267 0.274809160305344 0.35558583106267 0.366412213740458 0.35149863760218 0.49618320610687 0.347411444141689 0.618320610687023 0.35149863760218 0.778625954198473 0.362397820163488 1 0.389645776566758 1 0.384196185286104 0.816793893129771 0.384196185286104 0.694656488549618 0.386920980926431 0.564885496183206 0.385558583106267 0.465648854961832 0.389645776566758 0.396946564885496 0.399182561307902 0.297709923664122 0.397820163487738 0.145038167938931 0.377384196185286 0.145038167938931
0 0.4141689373297 0.129770992366412 0.431880108991826 0.16030534351145 0.446866485013624 0.16030534351145 0.450953678474114 0.297709923664122 0.450953678474114 0.412213740458015 0.440054495912807 0.458015267175573 0.446866485013624 0.541984732824427 0.450953678474114 0.66412213740458 0.449591280653951 0.793893129770992 0.44550408719346 0.99236641221374 0.418256130790191 1 0.420980926430518 0.778625954198473 0.416893732970027 0.679389312977099 0.416893732970027 0.564885496183206 0.422343324250681 0.480916030534351 0.415531335149864 0.389312977099237 0.411444141689373 0.251908396946565
0 0.467302452316076 0.16030534351145 0.482288828337875 0.145038167938931 0.501362397820163 0.175572519083969 0.502724795640327 0.290076335877863 0.501362397820163 0.435114503816794 0.489100817438692 0.458015267175573 0.491825613079019 0.541984732824427 0.490463215258856 0.67175572519084 0.487738419618529 0.793893129770992 0.482288828337875 0.893129770992366 0.480926430517711 0.969465648854962 0.463215258855586 0.961832061068702 0.463215258855586 0.83969465648855 0.463215258855586 0.687022900763359 0.463215258855586 0.580152671755725 0.46866485013624 0.450381679389313 0.46866485013624 0.343511450381679 0.470027247956403 0.236641221374046
0 0.520435967302452 0.152671755725191 0.536784741144414 0.152671755725191 0.55449591280654 0.16793893129771 0.55449591280654 0.320610687022901 0.549046321525886 0.450381679389313 0.551771117166213 0.564885496183206 0.547683923705722 0.709923664122137 0.547683923705722 0.862595419847328 0.546321525885559 1 0.525885558583106 0.977099236641221 0.521798365122616 0.847328244274809 0.521798365122616 0.679389312977099 0.520435967302452 0.541984732824427 0.516348773841962 0.458015267175573 0.516348773841962 0.312977099236641
0 0.580381471389646 0.16793893129771 0.594005449591281 0.16793893129771 0.607629427792916 0.183206106870229 0.604904632152589 0.32824427480916 0.606267029972752 0.427480916030534 0.596730245231608 0.473282442748092 0.596730245231608 0.580152671755725 0.604904632152589 0.603053435114504 0.603542234332425 0.725190839694656 0.599455040871935 0.862595419847328 0.603542234332425 0.99236641221374 0.579019073569482 1 0.570844686648501 0.83969465648855 0.566757493188011 0.725190839694656 0.569482288828338 0.610687022900763 0.579019073569482 0.488549618320611 0.568119891008174 0.435114503816794 0.568119891008174 0.282442748091603
0 0.727520435967303 0.183206106870229 0.731607629427793 0.33587786259542 0.727520435967303 0.465648854961832 0.717983651226158 0.580152671755725 0.709809264305177 0.687022900763359 0.709809264305177 0.847328244274809 0.711171662125341 1 0.742506811989101 1 0.746594005449591 0.83969465648855 0.745231607629428 0.656488549618321 0.750681198910082 0.488549618320611 0.756130790190736 0.312977099236641 0.756130790190736 0.190839694656489
0 0.779291553133515 0.190839694656489 0.780653950953679 0.374045801526718 0.779291553133515 0.480916030534351 0.764305177111717 0.595419847328244 0.758855585831063 0.748091603053435 0.760217983651226 0.862595419847328 0.758855585831063 0.969465648854962 0.783378746594005 0.99236641221374 0.786103542234332 0.877862595419847 0.788828337874659 0.717557251908397 0.795640326975477 0.564885496183206 0.802452316076294 0.412213740458015 0.807901907356948 0.297709923664122 0.809264305177112 0.213740458015267
0 0.835149863760218 0.221374045801527 0.835149863760218 0.32824427480916 0.829700272479564 0.458015267175573 0.828337874659401 0.572519083969466 0.814713896457766 0.618320610687023 0.816076294277929 0.786259541984733 0.82016348773842 0.885496183206107 0.821525885558583 1 0.843324250681199 1 0.846049046321526 0.816793893129771 0.847411444141689 0.66412213740458 0.844686648501363 0.534351145038168 0.852861035422343 0.389312977099237 0.85558583106267 0.274809160305344
0 0.884196185286104 0.236641221374046 0.885558583106267 0.33587786259542 0.884196185286104 0.458015267175573 0.881471389645777 0.564885496183206 0.863760217983651 0.625954198473282 0.862397820163488 0.725190839694656 0.861035422343324 0.847328244274809 0.862397820163488 1 0.889645776566758 1 0.886920980926431 0.816793893129771 0.892370572207084 0.67175572519084 0.893732970027248 0.534351145038168 0.901907356948229 0.381679389312977 0.904632152588556 0.229007633587786
0 0.933242506811989 0.213740458015267 0.935967302452316 0.427480916030534 0.931880108991826 0.557251908396947 0.912806539509537 0.618320610687023 0.9141689373297 0.778625954198473 0.911444141689373 1 0.94141689373297 0.977099236641221 0.940054495912807 0.83206106870229 0.94141689373297 0.641221374045802 0.948228882833787 0.511450381679389 0.955040871934605 0.374045801526718 0.953678474114441 0.229007633587786
0 0.980926430517711 0.251908396946565 0.982288828337875 0.381679389312977 0.982288828337875 0.480916030534351 0.975476839237057 0.587786259541985 0.961852861035422 0.603053435114504 0.957765667574932 0.755725190839695 0.959128065395095 1 0.986376021798365 1 0.985013623978202 0.809160305343511 0.990463215258856 0.625954198473282 0.997275204359673 0.526717557251908 0.997275204359673 0.259541984732824