0 0.220708446866485 0.050709939148073 0.272479564032698 0.050709939148073 0.260217983651226 0.208924949290061 0.264305177111717 0.279918864097363 0.268392370572207 0.363083164300203 0.252043596730245 0.379310344827586 0.20299727520436 0.381338742393509 0.185286103542234 0.320486815415822 0.194822888283379 0.275862068965517 0.213896457765668 0.26369168356998 0.205722070844687 0.22920892494929 0.205722070844687 0.182555780933063 0.213896457765668 0.103448275862069
0 0.336512261580382 0.050709939148073 0.397820163487738 0.0527383367139959 0.386920980926431 0.148073022312373 0.385558583106267 0.223123732251521 0.392370572207084 0.294117647058824 0.405994550408719 0.344827586206897 0.393732970027248 0.377281947261663 0.339237057220708 0.383367139959432 0.32016348773842 0.336713995943205 0.313351498637602 0.267748478701826 0.333787465940054 0.261663286004057 0.337874659400545 0.237322515212982 0.325613079019074 0.233265720081136 0.322888283378747 0.182555780933063 0.325613079019074 0.103448275862069
0 0.455040871934605 0.0527383367139959 0.514986376021798 0.0567951318458418 0.510899182561308 0.137931034482759 0.510899182561308 0.184584178498986 0.513623978201635 0.255578093306288 0.528610354223433 0.290060851926978 0.532697547683924 0.352941176470588 0.523160762942779 0.377281947261663 0.478201634877384 0.381338742393509 0.448228882833787 0.36105476673428 0.442779291553134 0.286004056795132 0.456403269754768 0.265720081135903 0.457765667574932 0.241379310344828 0.446866485013624 0.237322515212982 0.444141689373297 0.139959432048682
0 0.55858310626703 0.0567951318458418 0.640326975476839 0.0567951318458418 0.655313351498638 0.129817444219067 0.656675749318801 0.186612576064909 0.636239782016349 0.200811359026369 0.636239782016349 0.259634888438134 0.658038147138965 0.298174442190669 0.656675749318801 0.365111561866126 0.637602179836512 0.391480730223124 0.587193460490463 0.39553752535497 0.573569482288828 0.367139959432049 0.572207084468665 0.290060851926978 0.572207084468665 0.261663286004057 0.584468664850136 0.21501014198783 0.579019073569482 0.202839756592292 0.574931880108992 0.119675456389452
0 0.67574931880109 0.0527383367139959 0.760217983651226 0.0588235294117647 0.768392370572207 0.127789046653144 0.767029972752044 0.198782961460446 0.756130790190736 0.241379310344828 0.762942779291553 0.290060851926978 0.779291553133515 0.300202839756592 0.786103542234333 0.399594320486815 0.704359673024523 0.39553752535497 0.705722070844687 0.304259634888438 0.70708446866485 0.239350912778905 0.70708446866485 0.168356997971602 0.694822888283379 0.164300202839757 0.689373297002725 0.107505070993915
0 0.829700272479564 0.0608519269776876 0.899182561307902 0.0628803245436105 0.911444141689373 0.133874239350913 0.905994550408719 0.1947261663286 0.892370572207084 0.231237322515213 0.892370572207084 0.26369168356998 0.901907356948229 0.306288032454361 0.915531335149864 0.344827586206897 0.911444141689373 0.401622718052738 0.837874659400545 0.403651115618661 0.832425068119891 0.306288032454361 0.836512261580382 0.212981744421907 0.831062670299728 0.172413793103448 0.833787465940054 0.105476673427992
0 0.17983651226158 0.543610547667343 0.264305177111717 0.551724137931034 0.264305177111717 0.653144016227181 0.253405994550409 0.697768762677485 0.253405994550409 0.778904665314402 0.260217983651226 0.797160243407708 0.250681198910082 0.947261663286004 0.166212534059946 0.945233265720081 0.164850136239782 0.835699797160243 0.171662125340599 0.760649087221095 0.188010899182561 0.752535496957404 0.189373297002725 0.677484787018256 0.171662125340599 0.665314401622718
0 0.306539509536785 0.551724137931034 0.407356948228883 0.551724137931034 0.399182561307902 0.669371196754564 0.38283378746594 0.699797160243408 0.380108991825613 0.774847870182556 0.396457765667575 0.774847870182556 0.391008174386921 0.892494929006085 0.386920980926431 0.957403651115619 0.299727520435967 0.957403651115619 0.298365122615804 0.845841784989858 0.299727520435967 0.758620689655172 0.32016348773842 0.760649087221095 0.316076294277929 0.695740365111562 0.299727520435967 0.68762677484787
0 0.442779291553134 0.55578093306288 0.543596730245232 0.557809330628803 0.536784741144414 0.707910750507099 0.512261580381471 0.716024340770791 0.509536784741144 0.760649087221095 0.514986376021798 0.791075050709939 0.528610354223433 0.860040567951319 0.520435967302452 0.943204868154158 0.43732970027248 0.955375253549696 0.434604904632153 0.86815415821501 0.433242506811989 0.809330628803246 0.438692098092643 0.768762677484787 0.450953678474114 0.768762677484787 0.442779291553134 0.699797160243408 0.434604904632153 0.691683569979716
0 0.663487738419619 0.567951318458418 0.655313351498638 0.697768762677485 0.632152588555858 0.703853955375254 0.630790190735695 0.748478701825558 0.64850136239782 0.754563894523327 0.64441416893733 0.862068965517241 0.636239782016349 0.941176470588235 0.553133514986376 0.945233265720081 0.543596730245232 0.858012170385395 0.549046321525886 0.772819472616633 0.569482288828338 0.746450304259635 0.56267029972752 0.647058823529412 0.561307901907357 0.569979716024341
0 0.70708446866485 0.557809330628803 0.784741144414169 0.563894523326572 0.780653950953679 0.707910750507099 0.760217983651226 0.72210953346856 0.756130790190736 0.746450304259635 0.76566757493188 0.762677484787018 0.767029972752044 0.888438133874239 0.764305177111717 0.931034482758621 0.677111716621253 0.935091277890467 0.668937329700273 0.851926977687627 0.673024523160763 0.789046653144016 0.693460490463215 0.754563894523327 0.697547683923706 0.695740365111562 0.697547683923706 0.598377281947262
0 0.832425068119891 0.578093306288032 0.904632152588556 0.569979716024341 0.893732970027248 0.697768762677485 0.873297002724796 0.716024340770791 0.870572207084469 0.750507099391481 0.896457765667575 0.795131845841785 0.899182561307902 0.876267748478702 0.893732970027248 0.943204868154158 0.803814713896458 0.939148073022312 0.806539509536785 0.851926977687627 0.803814713896458 0.780933062880324 0.822888283378747 0.758620689655172 0.831062670299728 0.683569979716024 0.826975476839237 0.614604462474645