0 0.580381471389646 0.0636550308008214 0.62125340599455 0.053388090349076 0.668937329700273 0.0636550308008214 0.660762942779292 0.135523613963039 0.664850136239782 0.182751540041068 0.662125340599455 0.271047227926078 0.674386920980926 0.416837782340862 0.663487738419619 0.439425051334702 0.580381471389646 0.435318275154004 0.572207084468665 0.293634496919918 0.584468664850136 0.225872689938398 0.579019073569482 0.121149897330595
0 0.70708446866485 0.0677618069815195 0.747956403269755 0.0616016427104723 0.788828337874659 0.0677618069815195 0.79291553133515 0.145790554414784 0.798365122615804 0.254620123203285 0.82016348773842 0.291581108829569 0.825613079019074 0.412731006160164 0.73433242506812 0.433264887063655 0.719346049046321 0.26694045174538 0.720708446866485 0.176591375770021
0 0.839237057220708 0.0698151950718686 0.881471389645777 0.0657084188911704 0.923705722070845 0.0718685831622177 0.927792915531335 0.149897330595483 0.938692098092643 0.250513347022587 0.960490463215259 0.40041067761807 0.952316076294278 0.427104722792608 0.873297002724796 0.425051334702259 0.859673024523161 0.28952772073922 0.863760217983651 0.219712525667351 0.848773841961853 0.127310061601643
0 0.840599455040872 0.0739219712525667 0.843324250681199 0.0739219712525667 0.843324250681199 0.082135523613963 0.840599455040872 0.082135523613963
0 0.874659400544959 0.566735112936345 0.944141689373297 0.566735112936345 0.982288828337875 0.579055441478439 0.978201634877384 0.698151950718686 0.974114441416894 0.737166324435318 0.930517711171662 0.749486652977413 0.929155313351498 0.845995893223819 0.926430517711172 0.942505133470226 0.863760217983651 0.930184804928131 0.861035422343324 0.817248459958932 0.871934604904632 0.73305954825462 0.858310626702997 0.638603696098563
0 0.726158038147139 0.566735112936345 0.776566757493188 0.554414784394251 0.828337874659401 0.564681724845996 0.852861035422343 0.554414784394251 0.854223433242507 0.720739219712526 0.802452316076294 0.728952772073922 0.799727520435967 0.825462012320328 0.799727520435967 0.893223819301848 0.727520435967302 0.895277207392197 0.726158038147139 0.731006160164271 0.728882833787466 0.638603696098563
0 0.570844686648501 0.574948665297741 0.682561307901907 0.568788501026694 0.701634877384196 0.585215605749487 0.70708446866485 0.731006160164271 0.667574931880109 0.745379876796715 0.670299727520436 0.868583162217659 0.667574931880109 0.93223819301848 0.596730245231608 0.926078028747433 0.5858310626703 0.804928131416838 0.579019073569482 0.679671457905544
0 0.0626702997275204 0.0472279260780287 0.0694822888283379 0.0985626283367557 0.0694822888283379 0.154004106776181 0.0722070844686648 0.190965092402464 0.0340599455040872 0.232032854209446 0.0340599455040872 0.275154004106776 0.0326975476839237 0.324435318275154 0.0435967302452316 0.359342915811088 0.0599455040871935 0.386036960985626 0.0871934604904632 0.394250513347023 0.115803814713896 0.396303901437372 0.143051771117166 0.379876796714579 0.159400544959128 0.347022587268994 0.167574931880109 0.31211498973306 0.164850136239782 0.264887063655031 0.164850136239782 0.229979466119096 0.141689373297003 0.203285420944559 0.14850136239782 0.147843942505133 0.138964577656676 0.0903490759753593 0.137602179836512 0.0390143737166324
0 0.241144414168937 0.0349075975359343 0.243869209809264 0.082135523613963 0.250681198910082 0.13347022587269 0.250681198910082 0.182751540041068 0.252043596730245 0.19917864476386 0.226158038147139 0.234086242299795 0.216621253405995 0.271047227926078 0.219346049046322 0.314168377823409 0.224795640326975 0.347022587268994 0.23433242506812 0.375770020533881 0.249318801089918 0.396303901437372 0.271117166212534 0.404517453798768 0.301089918256131 0.398357289527721 0.325613079019074 0.386036960985626 0.346049046321526 0.357289527720739 0.352861035422343 0.324435318275154 0.356948228882834 0.283367556468172 0.352861035422343 0.246406570841889 0.339237057220708 0.217659137577002 0.317438692098093 0.193018480492813 0.318801089918256 0.151950718685832 0.316076294277929 0.0903490759753593 0.317438692098093 0.0451745379876797 0.317438692098093 0.026694045174538
0 0.408719346049046 0.0390143737166324 0.408719346049046 0.0882956878850103 0.415531335149864 0.145790554414784 0.416893732970027 0.186858316221766 0.416893732970027 0.219712525667351 0.405994550408719 0.262833675564682 0.403269754768392 0.318275154004107 0.411444141689373 0.35523613963039 0.429155313351499 0.375770020533881 0.470027247956403 0.381930184804928 0.5 0.381930184804928 0.523160762942779 0.365503080082136 0.540871934604905 0.344969199178645 0.547683923705722 0.297741273100616 0.546321525885559 0.260780287474333 0.534059945504087 0.229979466119096 0.516348773841962 0.201232032854209 0.486376021798365 0.186858316221766 0.485013623978202 0.147843942505133 0.478201634877384 0.114989733059548 0.47275204359673 0.0780287474332649 0.470027247956403 0.0308008213552361
0 0.050408719346049 0.632443531827515 0.0749318801089918 0.597535934291581 0.106267029972752 0.593429158110883 0.136239782016349 0.597535934291581 0.151226158038147 0.624229979466119 0.163487738419619 0.652977412731006 0.166212534059946 0.677618069815195 0.166212534059946 0.720739219712526 0.159400544959128 0.753593429158111 0.149863760217984 0.788501026694045 0.14850136239782 0.839835728952772 0.14850136239782 0.887063655030801 0.147138964577657 0.928131416837782 0.145776566757493 0.967145790554415 0.14441416893733 0.991786447638604 0.0762942779291553 0.995893223819302 0.0735694822888283 0.936344969199179 0.0735694822888283 0.887063655030801 0.0722070844686648 0.833675564681725 0.0708446866485014 0.792607802874743 0.0381471389645777 0.761806981519507 0.0326975476839237 0.722792607802875 0.0313351498637602 0.677618069815195
0 0.224795640326975 0.624229979466119 0.239782016348774 0.605749486652977 0.26566757493188 0.593429158110883 0.299727520435967 0.597535934291581 0.317438692098093 0.616016427104723 0.331062670299728 0.638603696098563 0.337874659400545 0.671457905544148 0.340599455040872 0.706365503080082 0.339237057220708 0.737166324435318 0.328337874659401 0.75564681724846 0.329700272479564 0.811088295687885 0.331062670299728 0.845995893223819 0.328337874659401 0.891170431211499 0.326975476839237 0.924024640657084 0.322888283378747 0.960985626283367 0.317438692098093 0.989733059548255 0.249318801089918 0.993839835728953 0.256130790190736 0.944558521560575 0.260217983651226 0.905544147843942 0.254768392370572 0.841889117043121 0.253405994550409 0.80082135523614 0.232970027247956 0.765913757700205 0.216621253405995 0.726899383983573 0.212534059945504 0.683778234086242 0.215258855585831 0.663244353182752
0 0.405994550408719 0.620123203285421 0.422343324250681 0.583162217659138 0.445504087193461 0.579055441478439 0.461852861035422 0.57700205338809 0.487738419618529 0.581108829568789 0.50408719346049 0.597535934291581 0.520435967302452 0.616016427104723 0.523160762942779 0.661190965092402 0.524523160762943 0.704312114989733 0.525885558583106 0.735112936344969 0.512261580381471 0.757700205338809 0.490463215258856 0.776180698151951 0.480926430517711 0.804928131416838 0.480926430517711 0.845995893223819 0.486376021798365 0.891170431211499 0.483651226158038 0.926078028747433 0.483651226158038 0.965092402464066 0.486376021798365 0.991786447638604 0.411444141689373 0.987679671457905 0.4141689373297 0.948665297741273 0.418256130790191 0.913757700205339 0.422343324250681 0.882956878850103 0.422343324250681 0.848049281314168 0.423705722070845 0.811088295687885 0.423705722070845 0.772073921971253 0.407356948228883 0.739219712525667 0.400544959128065 0.696098562628337 0.403269754768392 0.657084188911704